[fit]
postfile = 2019-6-6/master/120066_post_obj.pkl
run = True

[plot]
rv_plot = 2019-6-6/master/120066_rv_multipanel.pdf

[mcmc]
maxgr = 1.0023698712532274
maxsteps = 8000000.0
chainfile = 2019-6-6/master/120066_chains.csv.tar.bz2
nensembles = 8
summaryfile = 2019-6-6/master/120066_post_summary.csv
nburn = 420000
nsteps = 8000000
nwalkers = 50
run = True
mintz = 11854.367878629382
postfile = 2019-6-6/master/120066_post_obj.pkl

