[fit]
postfile = 2019-6-6/longP/120066_post_obj.pkl
run = True

[mcmc]
nburn = 200000
run = True
chainfile = 2019-6-6/longP/120066_chains.csv.tar.bz2
postfile = 2019-6-6/longP/120066_post_obj.pkl
nsteps = 280000
nensembles = 8
mintz = 3575.808966657512
summaryfile = 2019-6-6/longP/120066_post_summary.csv
nwalkers = 50
maxgr = 1.0078731881343892
maxsteps = 4000000

