[fit]
run = True
postfile = 2019-6-6/linearP/120066_post_obj.pkl

[mcmc]
summaryfile = 2019-6-6/linearP/120066_post_summary.csv
nsteps = 8000000
run = True
maxgr = 1.0063976115632731
nensembles = 8
nburn = 420000
nwalkers = 50
maxsteps = 8000000.0
postfile = 2019-6-6/linearP/120066_post_obj.pkl
chainfile = 2019-6-6/linearP/120066_chains.csv.tar.bz2
mintz = 4418.314689558541

