[fit]
postfile = 2019-6-6/logP/120066_post_obj.pkl
run = True

[mcmc]
nburn = 420000
maxsteps = 8000000.0
summaryfile = 2019-6-6/logP/120066_post_summary.csv
maxgr = 1.0054261281316539
nsteps = 8000000
postfile = 2019-6-6/logP/120066_post_obj.pkl
nwalkers = 50
run = True
chainfile = 2019-6-6/logP/120066_chains.csv.tar.bz2
nensembles = 8
mintz = 5201.750618333432

